¿Puedes hacerme un favor, amigo?

# BITSY VERSION 6.4

! ROOM_FORMAT 1

DEFAULT_FONT unicode_european_large

PAL 0
NAME inicio
255,255,255
0,0,0
0,0,0

PAL 1
NAME bad
255,4,12
154,160,240
255,255,255

PAL 2
3,255,28
37,125,0
0,0,0

ROOM 0
0,0,0,0,0,0,0,0,0,0,0,0,0,0,0,0
0,0,0,0,0,0,0,0,0,0,0,0,0,0,0,0
0,0,0,0,0,c,c,c,c,c,c,c,c,0,0,0
0,0,0,0,b,0,0,0,0,0,0,0,0,g,0,0
0,0,0,0,b,0,0,0,o,0,l,n,0,g,0,0
c,c,c,c,i,0,0,0,0,0,0,0,0,g,0,0
0,0,0,0,0,0,0,0,0,0,0,0,0,g,0,0
0,0,0,0,0,0,0,0,0,0,0,0,0,g,0,0
0,0,0,0,0,0,0,0,0,0,0,0,0,g,0,0
0,0,0,0,0,0,0,0,0,0,0,0,0,g,0,0
a,a,a,a,j,0,0,0,0,0,0,0,0,g,0,0
0,0,0,0,b,0,0,0,p,0,q,0,0,g,0,0
0,0,0,0,b,0,0,0,0,0,0,0,0,g,0,0
0,0,0,0,0,a,a,a,a,a,a,a,a,0,0,0
0,0,0,0,0,0,0,0,0,0,0,0,0,0,0,0
0,0,0,0,0,0,0,0,0,0,0,0,0,0,0,0
NAME inicio
EXT 8,11 2 1,7 FX slide_d
EXT 8,4 1 0,7 FX slide_u
PAL 0

ROOM 1
0,0,0,0,0,0,0,0,0,0,0,0,0,0,0,0
0,0,0,0,0,0,0,0,0,0,0,0,0,0,0,0
0,0,0,0,0,0,0,0,0,0,0,0,0,0,0,0
0,0,0,0,0,0,0,0,0,0,0,0,0,0,0,0
0,0,0,0,0,c,c,c,c,c,c,c,c,0,0,0
c,c,c,c,i,0,0,o,0,l,n,0,0,g,0,0
0,0,0,0,0,0,0,0,0,0,0,0,0,g,0,0
0,0,0,0,0,0,0,0,0,0,0,0,0,g,0,0
0,0,0,0,0,0,0,0,0,0,0,0,0,g,0,0
0,0,0,0,0,0,0,0,0,0,0,0,0,g,0,0
a,a,a,a,j,r,r,r,r,r,r,r,0,g,0,0
0,0,0,0,b,0,0,0,p,0,q,0,0,g,0,0
0,0,0,0,b,0,0,0,0,0,0,0,0,g,0,0
0,0,0,0,0,a,a,a,a,a,a,a,a,0,0,0
0,0,0,0,0,0,0,0,0,0,0,0,0,0,0,0
0,0,0,0,0,0,0,0,0,0,0,0,0,0,0,0
NAME y.1
EXT 7,5 3 1,6 FX slide_u
EXT 8,11 0 0,8
PAL 0

ROOM 2
0,0,0,0,0,0,0,0,0,0,0,0,0,0,0,0
0,0,0,0,0,0,0,0,0,0,0,0,0,0,0,0
0,0,0,0,0,c,c,c,c,c,c,c,c,0,0,0
0,0,0,0,b,0,0,0,0,0,0,0,0,g,0,0
0,0,0,0,b,0,0,0,0,o,l,n,0,g,0,0
c,c,c,c,i,r,r,r,r,r,r,r,0,g,0,0
0,0,0,0,0,0,0,0,0,0,0,0,0,g,0,0
0,0,0,0,0,0,0,0,0,0,0,0,0,g,0,0
0,0,0,0,0,0,0,0,0,0,0,0,0,g,0,0
0,0,0,0,0,0,0,0,0,0,0,0,0,g,0,0
a,a,a,a,j,0,0,0,0,p,q,0,0,g,0,0
0,0,0,0,0,a,a,a,a,a,a,a,a,0,0,0
0,0,0,0,0,0,0,0,0,0,0,0,0,0,0,0
0,0,0,0,0,0,0,0,0,0,0,0,0,0,0,0
0,0,0,0,0,0,0,0,0,0,0,0,0,0,0,0
0,0,0,0,0,0,0,0,0,0,0,0,0,0,0,0
NAME n.1
EXT 9,4 0 0,7
EXT 9,10 7 0,7
PAL 0

ROOM 3
0,0,0,0,0,0,0,0,0,0,0,0,0,0,0,0
0,0,0,0,0,0,0,0,0,0,0,0,0,0,0,0
0,0,0,0,0,0,0,0,0,0,0,0,0,0,0,0
0,0,0,0,0,0,0,0,0,0,0,0,0,0,0,0
0,0,0,0,0,0,0,0,0,0,0,0,0,0,0,0
c,c,c,c,c,c,c,c,c,c,c,c,c,0,0,0
0,0,0,0,0,0,0,0,0,0,0,0,0,g,0,0
0,0,0,0,0,o,0,l,n,0,0,0,0,g,0,0
a,a,a,a,j,r,r,r,0,r,r,r,r,g,0,0
0,0,0,0,b,0,0,s,0,0,0,0,0,g,0,0
0,0,0,0,b,r,r,r,r,r,r,r,0,g,0,0
0,0,0,0,b,0,0,0,0,0,0,s,0,g,0,0
0,0,0,0,b,q,p,0,0,0,0,0,0,g,0,0
0,0,0,0,0,a,a,a,a,a,a,a,a,0,0,0
0,0,0,0,0,0,0,0,0,0,0,0,0,0,0,0
0,0,0,0,0,0,0,0,0,0,0,0,0,0,0,0
NAME y.2
EXT 5,7 4 1,7 FX slide_u
PAL 0

ROOM 4
0,0,0,0,0,0,0,0,0,0,0,0,0,0,0,0
0,r,0,0,0,0,0,0,0,0,s,0,0,0,r,0
0,0,0,0,0,0,r,0,0,0,0,0,0,0,0,0
0,0,0,s,0,0,0,0,0,0,0,0,0,0,s,0
0,0,r,0,0,0,0,s,0,0,0,r,0,0,0,0
c,c,c,c,c,c,c,c,c,c,c,c,c,0,0,0
0,0,0,0,0,0,0,0,0,0,0,0,0,g,0,0
0,0,0,0,0,o,0,l,n,0,0,0,0,g,r,0
a,a,t,t,u,r,r,r,r,r,r,r,0,g,0,0
0,b,0,0,0,0,0,0,0,0,0,s,0,g,0,s
0,b,0,r,r,r,r,r,s,0,0,s,0,g,0,0
0,b,0,s,0,0,0,0,s,0,r,s,0,g,r,0
0,b,0,s,0,q,p,0,s,0,0,0,0,g,0,0
0,b,0,0,0,k,a,a,a,a,a,a,a,0,0,0
0,0,a,a,a,0,0,0,s,0,0,r,0,0,s,0
0,0,s,0,0,0,r,0,0,0,0,0,0,0,0,0
NAME y.3
EXT 5,7 5 1,7
PAL 0

ROOM 5
0,s,r,0,0,s,0,0,0,s,0,0,r,0,r,r
0,0,r,0,s,0,r,r,0,s,0,r,0,r,s,0
c,c,c,c,c,c,c,c,c,c,c,c,c,c,c,0
g,0,0,0,s,0,0,0,s,0,0,0,s,0,0,g
g,q,p,0,0,0,s,0,0,0,s,0,0,0,0,g
a,t,t,t,t,t,t,t,t,t,t,t,u,0,0,g
b,0,0,0,0,0,0,0,0,0,0,0,0,w,0,g
b,0,0,0,0,o,0,l,n,0,0,0,0,v,0,g
0,a,t,t,u,r,r,r,r,r,r,r,0,v,0,g
s,b,0,0,0,0,0,0,0,0,0,s,0,v,0,g
0,b,0,r,r,r,r,r,s,0,0,s,0,v,0,g
r,b,0,s,0,0,0,0,s,0,r,s,0,v,0,g
r,b,0,s,0,s,0,r,s,0,0,0,0,x,0,g
0,b,0,0,0,s,0,0,0,y,t,t,t,u,0,g
0,0,a,a,j,0,0,0,0,0,0,0,0,0,0,g
0,r,r,r,r,a,a,a,a,a,a,a,a,a,a,0
NAME y.4
EXT 5,7 6 1,8
EXT 2,4 a 5,8
END 2 7,8
PAL 0

ROOM 6
0,0,0,0,0,0,0,0,0,0,0,0,0,0,0,0
0,s,s,s,s,0,s,s,0,s,0,0,r,r,r,0
0,0,0,r,r,s,0,0,0,s,r,r,r,0,0,0
0,0,r,r,0,s,r,s,r,r,0,s,s,0,s,0
r,r,s,s,s,s,s,r,r,s,0,0,s,s,r,r
0,0,0,r,r,r,s,0,0,r,s,s,0,r,r,0
0,c,c,c,c,c,c,c,c,c,c,s,s,0,s,0
b,0,0,0,0,0,0,0,0,0,0,g,s,r,0,r
b,0,0,0,0,0,0,o,0,l,n,g,r,s,r,r
b,0,0,0,0,0,0,0,0,0,0,g,r,s,r,s
r,a,a,a,a,a,a,a,a,a,a,r,r,s,r,0
0,0,r,0,s,0,0,r,r,r,r,0,0,r,r,0
0,0,r,r,r,r,s,r,0,0,0,0,0,r,0,0
s,s,s,s,r,r,s,r,s,s,r,s,r,0,0,0
0,0,r,r,r,r,r,0,0,r,s,s,s,s,s,0
0,r,0,0,0,0,r,r,0,0,0,0,0,0,0,0
NAME y.5
END 3 7,8
PAL 1

ROOM 7
0,0,0,0,0,0,0,0,0,0,0,0,0,0,0,0
0,0,0,0,0,0,0,0,0,0,0,0,0,0,0,0
0,0,0,0,0,0,0,0,0,0,0,0,0,0,0,0
0,0,0,0,0,0,0,0,0,0,0,0,0,0,0,0
0,0,0,0,0,0,0,0,0,0,0,0,0,0,0,0
0,0,0,0,0,0,0,0,0,0,0,0,0,0,0,0
0,0,0,0,0,0,0,0,0,0,0,0,0,0,0,0
0,0,0,0,0,0,0,0,0,0,0,0,0,0,0,0
0,0,0,0,0,0,0,0,0,0,0,0,0,0,0,00,
0,0,0,0,0,0,0,0,0,0,0,0,0,0,0,0
0,0,0,0,0,0,0,0,0,0,0,0,0,0,0,0
0,0,0,0,0,0,0,0,0,0,0,0,0,0,0,0
0,0,0,0,0,0,0,0,0,0,0,0,0,0,0,0
0,0,0,0,0,0,0,0,0,0,0,0,0,0,0,0
0,0,0,0,0,0,0,0,0,0,0,0,0,0,0,0
0,0,0,0,0,0,0,0,0,0,0,0,0,0,0,0
NAME n.2
EXT 6,8 8 0,7
PAL 0

ROOM 8
0,0,0,0,0,0,0,0,0,0,0,0,0,0,0,0
0,0,0,0,0,0,0,0,0,0,0,0,0,0,0,0
0,0,0,0,0,0,0,0,0,0,0,0,0,0,0,0
0,0,0,0,0,0,0,0,0,0,0,0,0,0,0,0
0,0,0,0,0,0,0,0,0,0,0,0,0,0,0,0
0,0,0,0,0,0,0,0,0,0,0,0,0,0,0,0
0,0,0,0,0,0,0,0,0,0,0,0,0,0,0,0
0,0,0,0,0,0,0,0,0,0,0,0,0,0,0,0
0,0,0,0,0,0,0,0,0,0,0,0,0,0,0,0
0,0,0,0,0,0,0,0,0,0,0,0,0,0,0,0
0,0,0,0,0,0,0,0,0,0,0,0,0,0,0,00,
0,0,0,0,0,0,0,0,0,0,0,0,0,0,0,0
0,0,0,0,0,0,0,0,0,0,0,0,0,0,0,0
0,0,0,0,0,0,0,0,0,0,0,0,0,0,0,0
0,0,0,0,0,0,0,0,0,0,0,0,0,0,0,0
0,0,0,0,0,0,0,0,0,0,0,0,0,0,0,0
NAME n.3
EXT 7,10 9 1,7
PAL 0

ROOM 9
0,0,0,0,0,0,0,0,0,0,0,0,0,0,0,0
0,0,0,0,0,0,0,0,0,0,0,0,0,0,0,0
0,0,0,0,0,0,0,0,0,0,0,0,0,0,0,0
0,0,0,0,0,0,0,0,0,0,0,0,0,0,0,0
0,0,0,0,0,0,0,0,0,0,0,0,0,0,0,0
0,0,0,0,0,0,0,0,0,0,0,0,0,0,0,0
0,0,0,0,0,0,0,0,0,0,0,0,0,0,0,0
0,0,0,0,0,0,0,0,0,0,0,0,0,0,0,0
0,0,0,0,0,0,0,0,0,0,0,0,0,0,0,0
0,0,0,0,0,0,0,0,0,0,0,0,0,0,0,0
0,0,0,0,0,0,0,0,0,0,0,0,0,0,0,00,
0,0,0,0,0,0,0,0,0,0,0,0,0,0,0,0
0,0,0,0,0,0,0,0,0,0,0,0,0,0,0,0
0,0,0,0,0,0,0,0,0,0,0,0,0,0,0,0
0,0,0,0,0,0,0,0,0,0,0,0,0,0,0,0
0,0,0,0,0,0,0,0,0,0,0,0,0,0,0,0
NAME n.4
EXT 7,10 a 5,7
EXT 2,2 a 13,13
PAL 0

ROOM a
0,0,0,0,0,0,0,0,0,0,0,0,s,r,s,0
0,s,s,0,0,0,0,0,0,s,0,s,s,s,0,0
0,s,s,s,s,0,s,0,0,r,0,s,0,s,s,s
0,0,s,0,s,s,0,s,0,0,s,s,0,s,0,0
0,0,0,0,0,0,0,r,0,0,0,s,r,s,0,0
0,s,s,r,c,c,c,c,c,c,0,s,s,r,s,0
0,0,s,b,r,r,r,r,r,r,h,c,c,0,r,s
0,r,0,b,s,0,0,0,p,0,0,0,0,g,0,s
0,0,0,b,s,0,0,0,p,0,0,0,0,g,0,0
0,s,0,b,r,r,r,r,r,r,k,a,a,0,0,r
r,0,s,0,a,a,a,a,a,a,0,s,0,s,s,0
0,r,0,s,0,r,r,r,0,0,0,0,0,r,0,s
0,0,r,0,s,0,s,s,0,s,0,s,0,s,0,s
0,0,0,s,s,s,s,0,0,r,r,0,0,s,0,0
0,s,s,0,r,0,s,s,r,0,0,s,0,s,0,0
0,0,0,0,0,r,0,0,r,0,0,s,0,0,0,0
NAME n.5
ITM 4 5,7
ITM 4 5,8
ITM 4 6,8
ITM 4 6,7
ITM 4 7,7
ITM 4 7,8
END 4 8,7
END 5 8,8
PAL 1

TIL a
11111111
00000000
00000000
00000000
00000000
00000000
00000000
00000000
NAME Muro arriba
WAL true

TIL b
00000001
00000001
00000001
00000001
00000001
00000001
00000001
00000001
NAME Muro derecho
WAL true

TIL c
00000000
00000000
00000000
00000000
00000000
00000000
00000000
11111111
NAME Muro abajo
WAL true

TIL e
00000000
00000000
00000000
00000000
00000000
00000000
00000000
00000000
NAME happy

TIL g
10000000
10000000
10000000
10000000
10000000
10000000
10000000
10000000
NAME Muro izquierdo
WAL true

TIL h
10000000
10000000
10000000
10000000
10000000
10000000
10000000
11111111
NAME esquina 1
WAL true

TIL i
00000001
00000001
00000001
00000001
00000001
00000001
00000001
11111111
NAME esquina2
WAL true

TIL j
11111111
00000001
00000001
00000001
00000001
00000001
00000001
00000001
NAME esquina 3
WAL true

TIL k
11111111
10000000
10000000
10000000
10000000
10000000
10000000
10000000
NAME esquina 4
WAL true

TIL l
10001000
01010110
00100100
00100110
00100100
00100110
00000000
00000000
NAME ye1

TIL n
00000000
11100000
10000000
11100000
00100000
11100000
00000000
00000000
NAME ye2

TIL o
00000000
00000000
00000000
00001000
00010000
00000000
00000000
00000000
>
00000000
00000000
00000000
00010000
00001000
00000000
00000000
00000000
NAME salidaSiInicio

TIL p
00000000
00000000
00000000
00001000
00010000
00000000
00000000
00000000
>
00000000
00000000
00000000
00010000
00001000
00000000
00000000
00000000
NAME salidaNoInicio

TIL q
00000000
00000000
10010000
11010111
10110101
10010111
00000000
00000000

TIL r
00000000
00000000
00000000
10101010
01010101
00000000
00000000
00000000
>
00000000
00000000
00000000
01010101
10101010
00000000
00000000
00000000
NAME muroSeparador
WAL true

TIL s
00010000
00001000
00010000
00001000
00010000
00001000
00010000
00001000
>
00001000
00010000
00001000
00010000
00001000
00010000
00001000
00010000
NAME muroSeparaPared
WAL true

TIL t
11111111
00000000
00000000
00000000
00000000
00000000
00000000
11111111
NAME arriba abajo
WAL true

TIL u
11111111
00000001
00000001
00000001
00000001
00000001
00000001
11111111
NAME arribaabajoderecha
WAL true

TIL v
10000001
10000001
10000001
10000001
10000001
10000001
10000001
10000001
NAME derecho izquierda
WAL true

TIL w
11111111
10000001
10000001
10000001
10000001
10000001
10000001
10000001
NAME derecho izquierda arriba
WAL true

TIL x
10000001
10000001
10000001
10000001
10000001
10000001
10000001
11111111
NAME derecho izquierda abajo
WAL true

TIL y
11111111
10000000
10000000
10000000
10000000
10000000
10000000
11111111
NAME arriba abajo izquierda
WAL true

SPR A
00011100
00011000
00011000
00010100
01111100
01010000
00011100
00010100
>
00011100
00011000
00011000
01010000
01111100
00010100
01110000
01010000

SPR a
00000000
00011000
00011000
00000000
00111100
00111100
00011000
00011000
NAME Inicio
DLG SPR_0

SPR b
00000000
00011000
00011000
00000000
00111100
00111100
00011000
00011000
NAME amigo y1
DLG SPR_1
POS 1 3,7

SPR d
00000000
00011000
00011000
00000000
00111100
00111100
00011000
00011000
NAME amigo y3
DLG SPR_2
POS 4 3,6

SPR e
00000000
00011000
00011000
00000000
00111100
00111100
00011000
00011000
NAME amigo y2
POS 3 3,6

SPR f
00000000
00011000
00011000
00000000
00111100
00111100
00011000
00011000
NAME amigo y4
POS 5 3,6

SPR g
00000000
00011000
00011000
00000000
00111100
00111100
00011000
00011000
NAME amigo y5
POS 6 4,8

SPR i
00000000
00011000
00011000
00000000
00111100
00111100
00011000
00011000
NAME amigo n1

SPR j
00000000
00011000
00011000
00000000
00111100
00111100
00011000
00011000
NAME amiga n2
POS 7 6,8

SPR k
00000000
00011000
00011000
00000000
00111100
00111100
00011000
00011000
NAME amiga n3

SPR l
00000000
00011000
00011000
00000000
00111100
00111100
00011000
00011000
NAME amiga n4

SPR m
00000000
00011000
00011000
00000000
00111100
00111100
00011000
00011000
NAME amiga n5

SPR n
00000000
00011000
00011000
00000000
00111100
00111100
00011000
00011000
POS a 12,7

ITM 4
00000000
00000000
00000000
00000000
00000000
00000000
00000000
00000000
DLG ITM_0

DLG SPR_0
Por favor, amigo.

DLG SPR_1
Rapido

DLG SPR_2
Ya

DLG ITM_0
Confiaba en ti

END 0
The end

END 1
The end

END 2
The end

END 3
No puedes decir que no.

END 4
Has perdido un amigo.

END 5
Has perdido un amigo.

VAR a
42

